d	h
4.8701	9.5
7.3848	9.8
5.9524	13
5.7296	13.5
6.398	13.5
6.7482	13.5
6.971	13.5
6.8437	14.3
10.0586	14.8
10.4087	15
7.3848	15
6.3344	15.5
9.8676	15.8
9.0718	16
9.9313	17.3
9.422	18
8.1169	18
9.8039	18
9.3583	18
9.8358	18
8.8808	18
9.231	18.3
9.2946	18.5
10.8225	18.5
8.2442	18.5
11.3955	19.3
10.5997	19.3
12.3823	19.3
9.1355	19.5
13.0507	20
11.6501	20
10.4406	20
13.56	20.5
12.3823	20.5
10.7907	20.5
12.3504	21
12.3504	21
14.6104	21
24.3189	21.5
12.8597	21.5
13.4327	21.8
10.2814	21.8
12.4459	22
11.9048	22
12.0321	22
12.4141	22
12.0958	22
18.7485	22.5
12.7642	22.5
12.2231	22.5
15.8518	22.5
20.9448	22.5
13.0825	22.5
14.0056	22.5
11.9366	22.8
14.0056	22.8
22.7273	22.8
20.1172	23
17.9208	23
15.1516	23
14.2921	23
13.2099	23
13.7192	23
11.9366	23.3
19.6397	23.3
15.9473	23.5
12.2549	23.5
18.9713	23.5
13.178	23.5
13.5918	23.8
18.7803	23.8
18.0482	23.8
19.3851	24
13.4008	24
15.0561	24
19.0349	24
16.6476	24
15.0879	24
13.9738	24.3
15.1516	24.5
20.34	24.5
17.3161	24.5
20.4037	24.5
14.133	24.5
19.0349	24.5
14.8651	24.5
19.5442	24.5
15.1834	25
18.653	25
19.9262	25
15.5972	25
13.0825	25
14.4831	25
16.6794	25
21.2631	25
15.629	25
19.2259	25.3
19.2577	25.3
15.6608	25.3
18.4938	25.3
17.9845	25.3
16.2338	25.5
17.6025	25.5
16.4566	25.5
19.7034	25.5
20.913	25.5
14.1011	25.5
20.4992	25.5
22.3772	25.5
15.5972	25.8
18.8121	25.8
20.722	25.8
13.9738	25.8
17.0932	26
21.3268	26
18.4301	26
17.507	26
20.3718	26
16.6158	26
21.2313	26.3
18.271	26.3
15.1516	26.3
21.5814	26.3
21.2313	26.5
17.1251	26.5
18.271	26.5
20.7538	26.5
23.3321	26.5
20.5628	26.5
20.1808	26.5
22.6637	26.5
20.5628	26.5
19.0986	26.5
20.2763	26.5
21.8042	26.8
20.34	26.8
20.4037	27
22.6318	27
23.173	27
21.0403	27
24.5735	27
15.9155	27
18.7166	27
20.913	27
21.2631	27
21.4541	27.3
21.4223	27.3
20.6901	27.3
16.6476	27.3
21.1676	27.3
21.3586	27.3
18.4301	27.3
21.6769	27.5
19.7034	27.5
23.5868	27.5
19.1304	27.5
20.6265	27.5
17.6662	27.5
20.2763	27.5
19.2896	27.5
22.6955	27.5
27.502	27.5
16.1701	27.5
16.5521	27.5
20.6901	27.8
21.7087	27.8
22.6955	27.8
19.6397	27.8
15.9155	27.8
24.0961	27.8
19.5761	28
23.6186	28
16.1065	28
20.5628	28
21.7087	28
22.5363	28
20.2763	28.3
19.5442	28.3
19.0668	28.3
8.7854	28.3
21.9952	28.3
21.1994	28.5
18.3983	28.5
22.6	28.5
19.0668	28.5
17.8254	28.8
20.8493	28.8
24.3825	28.8
22.5682	29
20.8811	29
22.6318	29
21.8042	29
21.4859	29.3
24.0961	29.5
24.3189	29.5
22.1544	29.5
22.5045	29.5
17.8254	29.8
26.1332	30
22.218	30
21.1358	30
23.5231	30
23.1411	30.3
23.6504	30.5
24.669	30.5
24.1597	30.5
23.7141	30.8
22.9501	31
24.478	31
25.0192	31
24.7327	31.5
24.2234	31.5
25.7513	31.5
26.5152	31.5
25.9423	31.5
12.0958	32.3
24.3189	32.3
26.0377	32.5
24.0642	32.5
